0.055393 -0.149003 -0.481787 -73.923354 -42.833020 -2.694434 2022-06-16 20:09:08.559868
0.055392 -0.149003 -0.481788 -73.923405 -42.833002 -2.694489 2022-06-16 20:09:08.560865
0.055393 -0.149003 -0.481789 -73.922980 -42.834416 -2.693983 2022-06-16 20:09:08.560865
0.055392 -0.149003 -0.481789 -73.922978 -42.834482 -2.693978 2022-06-16 20:09:08.560865
0.055392 -0.149003 -0.481790 -73.922976 -42.834547 -2.693974 2022-06-16 20:09:08.560865
0.055392 -0.149002 -0.481790 -73.922974 -42.834612 -2.693969 2022-06-16 20:09:08.561861
0.055392 -0.149002 -0.481791 -73.922973 -42.834675 -2.693965 2022-06-16 20:09:08.561861
0.055392 -0.149002 -0.481791 -73.922971 -42.834738 -2.693960 2022-06-16 20:09:08.561861
0.055392 -0.149002 -0.481792 -73.922969 -42.834799 -2.693956 2022-06-16 20:09:08.561861
0.055392 -0.149002 -0.481793 -73.922967 -42.834901 -2.693949 2022-06-16 20:09:08.562866
0.055392 -0.149001 -0.481793 -73.922965 -42.834964 -2.693945 2022-06-16 20:09:08.562866
0.055392 -0.149001 -0.481794 -73.922963 -42.835024 -2.693940 2022-06-16 20:09:08.562866
0.055392 -0.149001 -0.481794 -73.922961 -42.835082 -2.693936 2022-06-16 20:09:08.562866
0.055392 -0.149001 -0.481795 -73.922959 -42.835143 -2.693932 2022-06-16 20:09:08.563854
0.055392 -0.149001 -0.481795 -73.922958 -42.835201 -2.693928 2022-06-16 20:09:08.563854
0.055392 -0.149001 -0.481796 -73.922957 -42.835261 -2.693924 2022-06-16 20:09:08.563854
0.055392 -0.149000 -0.481796 -73.922954 -42.835320 -2.693919 2022-06-16 20:09:08.563854
0.055392 -0.149000 -0.481797 -73.922953 -42.835380 -2.693915 2022-06-16 20:09:08.563854
0.055392 -0.149000 -0.481797 -73.923003 -42.834358 -2.693594 2022-06-16 20:09:08.564851
0.055391 -0.149000 -0.481798 -73.923005 -42.834366 -2.693574 2022-06-16 20:09:08.564851
0.055391 -0.149000 -0.481798 -73.923006 -42.834371 -2.693553 2022-06-16 20:09:08.564851
0.055391 -0.149000 -0.481799 -73.923007 -42.834376 -2.693533 2022-06-16 20:09:08.564851
0.055391 -0.148999 -0.481799 -73.923006 -42.834384 -2.693512 2022-06-16 20:09:08.565848
0.055391 -0.148999 -0.481800 -73.923007 -42.834390 -2.693492 2022-06-16 20:09:08.565848
0.055391 -0.148999 -0.481800 -73.923008 -42.834397 -2.693472 2022-06-16 20:09:08.565848
0.055391 -0.148999 -0.481801 -73.923010 -42.834403 -2.693452 2022-06-16 20:09:08.565848
0.055391 -0.148999 -0.481801 -73.923011 -42.834408 -2.693433 2022-06-16 20:09:08.565848
0.055391 -0.148999 -0.481802 -73.923012 -42.834416 -2.693411 2022-06-16 20:09:08.566844
0.055391 -0.148998 -0.481802 -73.923013 -42.834421 -2.693392 2022-06-16 20:09:08.566844
0.055391 -0.148998 -0.481803 -73.923013 -42.834426 -2.693371 2022-06-16 20:09:08.566844
0.055391 -0.148998 -0.481804 -73.923014 -42.834434 -2.693351 2022-06-16 20:09:08.566844
0.055391 -0.148998 -0.481804 -73.923016 -42.834442 -2.693329 2022-06-16 20:09:08.567841
0.055391 -0.148998 -0.481805 -73.923017 -42.834450 -2.693306 2022-06-16 20:09:08.567841
0.055391 -0.148998 -0.481805 -73.923019 -42.834455 -2.693285 2022-06-16 20:09:08.567841
0.055391 -0.148997 -0.481806 -73.923019 -42.834460 -2.693265 2022-06-16 20:09:08.567841
0.055391 -0.148997 -0.481806 -73.923020 -42.834468 -2.693244 2022-06-16 20:09:08.568838
0.055391 -0.148997 -0.481807 -73.923022 -42.834476 -2.693219 2022-06-16 20:09:08.568838
0.055390 -0.148997 -0.481807 -73.923023 -42.834481 -2.693198 2022-06-16 20:09:08.568838
0.055390 -0.148997 -0.481808 -73.923022 -42.834487 -2.693177 2022-06-16 20:09:08.568838
0.055390 -0.148997 -0.481808 -73.923023 -42.834497 -2.693157 2022-06-16 20:09:08.569834
0.055390 -0.148996 -0.481809 -73.923024 -42.834502 -2.693137 2022-06-16 20:09:08.569834
0.055390 -0.148996 -0.481809 -73.923026 -42.834507 -2.693117 2022-06-16 20:09:08.569834
0.055390 -0.148996 -0.481810 -73.923027 -42.834515 -2.693098 2022-06-16 20:09:08.569834
0.055390 -0.148996 -0.481810 -73.923028 -42.834520 -2.693078 2022-06-16 20:09:08.569834
0.055390 -0.148996 -0.481811 -73.923028 -42.834526 -2.693055 2022-06-16 20:09:08.570831
0.055463 -0.148747 -0.481578 -73.927699 -42.823378 -2.690657 2022-06-16 20:09:08.570831
0.055463 -0.148746 -0.481578 -73.927718 -42.823384 -2.690611 2022-06-16 20:09:08.570831
0.055463 -0.148746 -0.481579 -73.927739 -42.823390 -2.690563 2022-06-16 20:09:08.570831
0.055463 -0.148745 -0.481579 -73.927758 -42.823398 -2.690515 2022-06-16 20:09:08.571828
0.055465 -0.148742 -0.481581 -73.927852 -42.823428 -2.690293 2022-06-16 20:09:08.572860
0.055465 -0.148740 -0.481581 -73.927885 -42.823442 -2.690218 2022-06-16 20:09:08.572860
0.055465 -0.148740 -0.481581 -73.927908 -42.823448 -2.690163 2022-06-16 20:09:08.572860
0.055466 -0.148739 -0.481582 -73.927933 -42.823456 -2.690102 2022-06-16 20:09:08.573821
0.055466 -0.148738 -0.481582 -73.927955 -42.823465 -2.690050 2022-06-16 20:09:08.573821
0.055466 -0.148737 -0.481582 -73.927975 -42.823471 -2.690002 2022-06-16 20:09:08.573821
0.055466 -0.148736 -0.481583 -73.928002 -42.823480 -2.689939 2022-06-16 20:09:08.573821
0.055467 -0.148735 -0.481584 -73.926430 -42.823051 -2.691345 2022-06-16 20:09:08.574818
0.055467 -0.148734 -0.481585 -73.926374 -42.823037 -2.691352 2022-06-16 20:09:08.574818
0.055467 -0.148733 -0.481585 -73.926325 -42.823027 -2.691358 2022-06-16 20:09:08.574818
0.055468 -0.148732 -0.481586 -73.926278 -42.823015 -2.691364 2022-06-16 20:09:08.575815
0.055468 -0.148731 -0.481586 -73.926230 -42.823005 -2.691370 2022-06-16 20:09:08.575815
0.055468 -0.148731 -0.481587 -73.926188 -42.822995 -2.691375 2022-06-16 20:09:08.575815
0.055468 -0.148730 -0.481587 -73.926154 -42.822985 -2.691380 2022-06-16 20:09:08.575815
0.055469 -0.148729 -0.481588 -73.926097 -42.822971 -2.691387 2022-06-16 20:09:08.576813
0.055469 -0.148728 -0.481588 -73.926053 -42.822961 -2.691392 2022-06-16 20:09:08.576813
0.055469 -0.148727 -0.481589 -73.926013 -42.822953 -2.691398 2022-06-16 20:09:08.576813
0.055470 -0.148726 -0.481589 -73.925970 -42.822944 -2.691403 2022-06-16 20:09:08.577843
0.055471 -0.148725 -0.481589 -73.926839 -42.823654 -2.689427 2022-06-16 20:09:08.577843
0.055471 -0.148724 -0.481589 -73.926840 -42.823675 -2.689353 2022-06-16 20:09:08.577843
0.055471 -0.148723 -0.481589 -73.926840 -42.823694 -2.689275 2022-06-16 20:09:08.577843
0.055471 -0.148723 -0.481590 -73.926840 -42.823715 -2.689199 2022-06-16 20:09:08.578840
0.055472 -0.148722 -0.481590 -73.926841 -42.823737 -2.689123 2022-06-16 20:09:08.578840
0.055472 -0.148721 -0.481590 -73.926841 -42.823758 -2.689048 2022-06-16 20:09:08.578840
0.055472 -0.148721 -0.481591 -73.926842 -42.823776 -2.688974 2022-06-16 20:09:08.578840
0.055473 -0.148720 -0.481591 -73.926842 -42.823798 -2.688899 2022-06-16 20:09:08.578840
0.055473 -0.148719 -0.481591 -73.926843 -42.823819 -2.688823 2022-06-16 20:09:08.579802
0.055473 -0.148718 -0.481592 -73.926843 -42.823838 -2.688751 2022-06-16 20:09:08.579802
0.055473 -0.148718 -0.481592 -73.926844 -42.823861 -2.688670 2022-06-16 20:09:08.579802
0.055474 -0.148717 -0.481592 -73.926844 -42.823880 -2.688596 2022-06-16 20:09:08.579802
0.055474 -0.148716 -0.481593 -73.926845 -42.823899 -2.688521 2022-06-16 20:09:08.580807
0.055474 -0.148715 -0.481593 -73.926845 -42.823925 -2.688431 2022-06-16 20:09:08.580807
0.055475 -0.148714 -0.481593 -73.926845 -42.823946 -2.688354 2022-06-16 20:09:08.580807
0.055475 -0.148714 -0.481594 -73.926847 -42.823967 -2.688281 2022-06-16 20:09:08.580807
0.055475 -0.148713 -0.481594 -73.926847 -42.823986 -2.688205 2022-06-16 20:09:08.581801
0.055475 -0.148712 -0.481594 -73.926875 -42.823317 -2.689789 2022-06-16 20:09:08.581801
0.055475 -0.148711 -0.481595 -73.926878 -42.823310 -2.689781 2022-06-16 20:09:08.581801
0.055476 -0.148710 -0.481595 -73.926878 -42.823302 -2.689774 2022-06-16 20:09:08.581801
0.055476 -0.148710 -0.481595 -73.926880 -42.823293 -2.689767 2022-06-16 20:09:08.582791
0.055476 -0.148709 -0.481596 -73.926882 -42.823288 -2.689760 2022-06-16 20:09:08.582791
0.055476 -0.148708 -0.481596 -73.926883 -42.823279 -2.689753 2022-06-16 20:09:08.582791
0.055477 -0.148707 -0.481596 -73.926886 -42.823274 -2.689746 2022-06-16 20:09:08.582791
0.055477 -0.148707 -0.481597 -73.926887 -42.823265 -2.689739 2022-06-16 20:09:08.582791
0.055477 -0.148706 -0.481597 -73.926888 -42.823255 -2.689732 2022-06-16 20:09:08.583794
0.055478 -0.148705 -0.481597 -73.926890 -42.823248 -2.689724 2022-06-16 20:09:08.583794
0.055478 -0.148704 -0.481598 -73.926892 -42.823241 -2.689717 2022-06-16 20:09:08.583794
0.055478 -0.148703 -0.481598 -73.926894 -42.823231 -2.689710 2022-06-16 20:09:08.583794
0.055478 -0.148703 -0.481598 -73.926895 -42.823224 -2.689703 2022-06-16 20:09:08.584791
0.055479 -0.148702 -0.481599 -73.926898 -42.823217 -2.689696 2022-06-16 20:09:08.584791
0.055479 -0.148701 -0.481599 -73.926898 -42.823210 -2.689689 2022-06-16 20:09:08.584791
0.055479 -0.148700 -0.481599 -73.926900 -42.823203 -2.689682 2022-06-16 20:09:08.584791
0.055479 -0.148700 -0.481600 -73.926902 -42.823196 -2.689675 2022-06-16 20:09:08.584791
0.055484 -0.148688 -0.481605 -73.927596 -42.823626 -2.687600 2022-06-16 20:09:08.588777
0.055485 -0.148687 -0.481606 -73.927627 -42.823636 -2.687503 2022-06-16 20:09:08.588777
0.055485 -0.148686 -0.481606 -73.927650 -42.823642 -2.687436 2022-06-16 20:09:08.588777
0.055485 -0.148686 -0.481606 -73.927670 -42.823651 -2.687376 2022-06-16 20:09:08.588777
0.055485 -0.148685 -0.481607 -73.928135 -42.823652 -2.689316 2022-06-16 20:09:08.589768
0.055486 -0.148685 -0.481607 -73.928175 -42.823656 -2.689340 2022-06-16 20:09:08.589768
0.055486 -0.148684 -0.481607 -73.928213 -42.823665 -2.689363 2022-06-16 20:09:08.589768
0.055486 -0.148683 -0.481608 -73.928250 -42.823670 -2.689386 2022-06-16 20:09:08.589768
0.055486 -0.148682 -0.481608 -73.928289 -42.823679 -2.689410 2022-06-16 20:09:08.590771
0.055487 -0.148682 -0.481608 -73.928330 -42.823683 -2.689433 2022-06-16 20:09:08.590771
0.055487 -0.148681 -0.481609 -73.928367 -42.823690 -2.689456 2022-06-16 20:09:08.590771
0.055487 -0.148680 -0.481609 -73.928404 -42.823697 -2.689478 2022-06-16 20:09:08.590771
0.055488 -0.148679 -0.481609 -73.928448 -42.823703 -2.689504 2022-06-16 20:09:08.591761
0.055488 -0.148678 -0.481610 -73.928492 -42.823712 -2.689531 2022-06-16 20:09:08.591761
0.055488 -0.148678 -0.481610 -73.928533 -42.823721 -2.689556 2022-06-16 20:09:08.591761
0.055488 -0.148677 -0.481610 -73.928572 -42.823725 -2.689580 2022-06-16 20:09:08.591761
0.055489 -0.148676 -0.481611 -73.928612 -42.823735 -2.689604 2022-06-16 20:09:08.592758
0.055489 -0.148675 -0.481611 -73.928653 -42.823739 -2.689629 2022-06-16 20:09:08.592758
0.055489 -0.148675 -0.481611 -73.928690 -42.823745 -2.689651 2022-06-16 20:09:08.592758
0.055490 -0.148674 -0.481612 -73.928727 -42.823752 -2.689674 2022-06-16 20:09:08.592758
0.055490 -0.148673 -0.481612 -73.928767 -42.823759 -2.689697 2022-06-16 20:09:08.592758
0.055501 -0.148660 -0.481599 -73.928278 -42.823192 -2.690632 2022-06-16 20:09:08.593754
0.055432 -0.148618 -0.481613 -73.920177 -42.831413 -2.685757 2022-06-16 20:09:08.593754
0.055432 -0.148617 -0.481614 -73.920177 -42.831432 -2.685791 2022-06-16 20:09:08.593754
0.055432 -0.148616 -0.481614 -73.920176 -42.831450 -2.685825 2022-06-16 20:09:08.593754
0.055432 -0.148615 -0.481615 -73.920177 -42.831469 -2.685860 2022-06-16 20:09:08.594751
0.055432 -0.148614 -0.481615 -73.920177 -42.831489 -2.685896 2022-06-16 20:09:08.594751
0.055432 -0.148614 -0.481616 -73.920177 -42.831508 -2.685931 2022-06-16 20:09:08.594751
0.055432 -0.148613 -0.481616 -73.920177 -42.831529 -2.685965 2022-06-16 20:09:08.594751
0.055432 -0.148612 -0.481617 -73.920178 -42.831547 -2.685999 2022-06-16 20:09:08.594751
0.055432 -0.148611 -0.481617 -73.920177 -42.831571 -2.686041 2022-06-16 20:09:08.595748
0.055432 -0.148610 -0.481618 -73.920179 -42.831591 -2.686077 2022-06-16 20:09:08.595748
0.055432 -0.148609 -0.481618 -73.920178 -42.831610 -2.686111 2022-06-16 20:09:08.595748
0.055432 -0.148608 -0.481619 -73.920177 -42.831628 -2.686145 2022-06-16 20:09:08.595748
0.055432 -0.148607 -0.481619 -73.920178 -42.831652 -2.686187 2022-06-16 20:09:08.596746
0.055432 -0.148606 -0.481620 -73.920178 -42.831675 -2.686227 2022-06-16 20:09:08.596746
0.055432 -0.148605 -0.481620 -73.920178 -42.831693 -2.686261 2022-06-16 20:09:08.596746
0.055432 -0.148605 -0.481621 -73.920179 -42.831712 -2.686293 2022-06-16 20:09:08.596746
0.055432 -0.148604 -0.481621 -73.920178 -42.831735 -2.686334 2022-06-16 20:09:08.597741
0.055433 -0.148603 -0.481622 -73.920657 -42.831432 -2.686054 2022-06-16 20:09:08.597741
0.055433 -0.148602 -0.481623 -73.920681 -42.831441 -2.686081 2022-06-16 20:09:08.597741
0.055433 -0.148601 -0.481623 -73.920701 -42.831446 -2.686104 2022-06-16 20:09:08.597741
0.055433 -0.148600 -0.481624 -73.920722 -42.831452 -2.686128 2022-06-16 20:09:08.598739
0.055433 -0.148599 -0.481624 -73.920742 -42.831459 -2.686150 2022-06-16 20:09:08.598739
0.055433 -0.148598 -0.481625 -73.920762 -42.831466 -2.686172 2022-06-16 20:09:08.598739
0.055433 -0.148597 -0.481625 -73.920781 -42.831473 -2.686194 2022-06-16 20:09:08.598739
0.055433 -0.148596 -0.481626 -73.920800 -42.831479 -2.686216 2022-06-16 20:09:08.599741
0.055433 -0.148596 -0.481626 -73.920821 -42.831483 -2.686238 2022-06-16 20:09:08.599741
0.055433 -0.148595 -0.481627 -73.920840 -42.831493 -2.686260 2022-06-16 20:09:08.599741
0.055433 -0.148594 -0.481627 -73.920860 -42.831497 -2.686282 2022-06-16 20:09:08.599741
0.055433 -0.148593 -0.481628 -73.920879 -42.831504 -2.686303 2022-06-16 20:09:08.599741
0.055433 -0.148592 -0.481628 -73.920899 -42.831510 -2.686327 2022-06-16 20:09:08.600738
0.055433 -0.148577 -0.481638 -73.920504 -42.832616 -2.686711 2022-06-16 20:09:08.604725
0.055433 -0.148576 -0.481639 -73.920503 -42.832675 -2.686751 2022-06-16 20:09:08.604725
0.055433 -0.148574 -0.481639 -73.920502 -42.832737 -2.686790 2022-06-16 20:09:08.604725
0.055433 -0.148572 -0.481640 -73.921017 -42.831796 -2.686829 2022-06-16 20:09:08.605715
0.055433 -0.148571 -0.481641 -73.921049 -42.831785 -2.686863 2022-06-16 20:09:08.605715
0.055433 -0.148569 -0.481642 -73.921078 -42.831777 -2.686893 2022-06-16 20:09:08.606718
0.055433 -0.148568 -0.481643 -73.921110 -42.831762 -2.686928 2022-06-16 20:09:08.606718
0.055433 -0.148567 -0.481643 -73.921137 -42.831754 -2.686957 2022-06-16 20:09:08.606718
0.055433 -0.148565 -0.481644 -73.921167 -42.831741 -2.686989 2022-06-16 20:09:08.607714
0.055433 -0.148564 -0.481645 -73.921195 -42.831730 -2.687019 2022-06-16 20:09:08.607714
0.055433 -0.148563 -0.481646 -73.921223 -42.831720 -2.687047 2022-06-16 20:09:08.607714
0.055433 -0.148562 -0.481646 -73.921242 -42.831712 -2.687070 2022-06-16 20:09:08.608704
0.055433 -0.148561 -0.481647 -73.921265 -42.831707 -2.687094 2022-06-16 20:09:08.608704
0.055433 -0.148560 -0.481647 -73.921288 -42.831697 -2.687118 2022-06-16 20:09:08.608704
0.055433 -0.148559 -0.481648 -73.921309 -42.831689 -2.687140 2022-06-16 20:09:08.608704
0.055433 -0.148558 -0.481648 -73.921332 -42.831681 -2.687164 2022-06-16 20:09:08.609701
0.055432 -0.148557 -0.481649 -73.920891 -42.831995 -2.687178 2022-06-16 20:09:08.609701
0.055432 -0.148555 -0.481649 -73.920893 -42.832004 -2.687211 2022-06-16 20:09:08.609701
0.055432 -0.148554 -0.481650 -73.920894 -42.832011 -2.687233 2022-06-16 20:09:08.609701
0.055432 -0.148553 -0.481651 -73.920895 -42.832017 -2.687260 2022-06-16 20:09:08.610704
0.055432 -0.148552 -0.481651 -73.920894 -42.832024 -2.687282 2022-06-16 20:09:08.610704
0.055432 -0.148551 -0.481652 -73.920895 -42.832028 -2.687303 2022-06-16 20:09:08.610704
0.055432 -0.148550 -0.481652 -73.920896 -42.832035 -2.687323 2022-06-16 20:09:08.610704
0.055432 -0.148549 -0.481653 -73.920897 -42.832042 -2.687347 2022-06-16 20:09:08.611701
0.055432 -0.148548 -0.481653 -73.920898 -42.832046 -2.687367 2022-06-16 20:09:08.611701
0.055432 -0.148547 -0.481654 -73.920899 -42.832055 -2.687397 2022-06-16 20:09:08.611701
0.055432 -0.148546 -0.481654 -73.920900 -42.832062 -2.687417 2022-06-16 20:09:08.611701
0.055432 -0.148545 -0.481655 -73.920901 -42.832066 -2.687437 2022-06-16 20:09:08.612698
0.055432 -0.148544 -0.481655 -73.920902 -42.832075 -2.687461 2022-06-16 20:09:08.612698
0.055432 -0.148543 -0.481656 -73.920903 -42.832079 -2.687482 2022-06-16 20:09:08.612698
0.055432 -0.148543 -0.481656 -73.920904 -42.832084 -2.687502 2022-06-16 20:09:08.612698